124.970 -131.250 -476.530 1.025 12647.000
248.150 -111.870 -438.110 1.025 12659.000
248.150 -111.870 -472.150 0.725 13409.000
500.430 -58.450 -281.100 0.675 13025.000
500.430 -58.450 -366.200 1.075 12739.000
500.430 -58.450 -400.250 0.675 12684.000
500.430 -58.450 -417.270 1.175 12381.000
500.430 -58.450 -451.310 0.775 12374.000
500.430 -58.450 -468.330 0.775 12445.000
-77.800 -54.330 -399.400 1.075 13040.000
194.340 -30.920 -380.980 0.625 12060.000
194.340 -30.920 -449.070 0.425 13028.000
194.340 -30.920 -466.090 2.350 12130.000
292.900 5.200 -376.650 0.575 12143.000
292.900 5.200 -393.670 0.875 13528.000
292.900 5.200 -410.700 2.050 11810.000
292.900 5.200 -427.720 0.275 11939.000
292.900 5.200 -444.740 4.850 11646.000
292.900 5.200 -461.760 1.025 14300.000
292.900 5.200 -478.780 1.075 12397.000
411.810 13.000 -315.260 1.775 12253.000
411.810 13.000 -366.320 0.175 12342.000
411.810 13.000 -400.370 4.225 11872.000
411.810 13.000 -434.410 4.050 11819.000
411.810 13.000 -451.430 4.100 11814.000
411.810 13.000 -468.450 1.125 12194.000
411.810 13.000 -502.490 1.750 12229.000
544.070 55.890 -297.190 0.275 13124.000
544.070 55.890 -382.290 0.925 13427.000
544.070 55.890 -399.310 1.725 12407.000
544.070 55.890 -433.360 2.050 12584.000
544.070 55.890 -450.380 1.025 14198.000
544.070 55.890 -502.140 0.975 12403.000
-156.230 43.370 -350.200 0.975 12032.000
-32.960 62.440 -389.260 0.525 14954.000
-32.960 62.440 -457.350 0.825 11056.000
-32.960 62.440 -491.390 1.225 10993.000
90.490 82.350 -332.350 0.775 11649.000
90.490 82.350 -366.390 1.075 11567.000
90.490 82.350 -417.460 1.225 11146.000
90.490 82.350 -434.480 7.675 11242.000
90.490 82.350 -451.500 6.350 11019.000
90.490 82.350 -468.520 8.425 11044.000
90.490 82.350 -485.540 4.975 11136.000
90.490 82.350 -502.560 1.700 11043.000
195.030 125.590 -281.120 1.525 12724.000
195.030 125.590 -315.160 0.650 11758.000
195.030 125.590 -332.180 0.375 11434.000
195.030 125.590 -349.200 1.300 11296.000
195.030 125.590 -366.220 1.025 11355.000
195.030 125.590 -383.240 2.350 11164.000
195.030 125.590 -400.270 12.775 11050.000
195.030 125.590 -451.330 25.125 10951.000
195.030 125.590 -468.350 24.650 10965.000
195.030 125.590 -485.370 11.775 11003.000
195.030 125.590 -502.390 7.100 11043.000
330.030 127.200 -350.170 0.375 12145.000
330.030 127.200 -367.190 3.575 11711.000
330.030 127.200 -384.210 17.125 11871.000
330.030 127.200 -401.230 5.550 11532.000
330.030 127.200 -418.250 5.850 11405.000
330.030 127.200 -435.280 10.075 11377.000
330.030 127.200 -452.300 6.675 11374.000
330.030 127.200 -469.320 6.675 11403.000
330.030 127.200 -486.340 4.875 11458.000
330.030 127.200 -504.860 1.800 11547.000
472.050 127.900 -380.800 0.475 13543.000
472.050 127.900 -448.890 1.075 12209.000
472.050 127.900 -499.950 0.625 12215.000
576.370 170.920 -288.910 0.625 14008.000
576.370 170.920 -425.080 1.125 13874.000
576.370 170.920 -459.120 1.325 14057.000
-111.510 159.980 -299.440 0.675 10836.000
-111.510 159.980 -333.480 1.225 11047.000
-111.510 159.980 -418.590 2.000 10534.000
-111.510 159.980 -452.630 1.900 10545.000
-111.510 159.980 -486.670 3.475 10426.000
11.870 179.190 -280.610 1.225 11610.000
11.870 179.190 -297.630 0.925 12769.000
11.870 179.190 -314.650 1.200 11560.000
11.870 179.190 -331.670 3.800 10781.000
11.870 179.190 -348.690 2.050 11064.000
11.870 179.190 -365.710 4.725 10665.000
11.870 179.190 -382.740 2.050 11379.000
11.870 179.190 -399.760 4.675 10591.000
11.870 179.190 -416.780 7.075 10516.000
11.870 179.190 -433.800 4.475 10463.000
11.870 179.190 -450.320 6.975 10431.000
11.870 179.190 -467.340 14.500 10426.000
11.870 179.190 -484.360 4.450 10527.000
11.870 179.190 -501.580 4.350 10544.000
132.030 202.980 -263.200 1.150 11712.000
132.030 202.980 -280.220 3.475 11458.000
132.030 202.980 -314.260 1.725 11462.000
132.030 202.980 -331.280 1.475 11235.000
132.030 202.980 -348.300 1.350 11157.000
132.030 202.980 -365.320 1.300 11131.000
132.030 202.980 -382.340 14.875 10857.000
132.030 202.980 -399.360 17.225 10753.000
132.030 202.980 -416.390 25.125 10698.000
132.030 202.980 -433.410 48.800 10651.000
132.030 202.980 -450.430 41.700 10615.000
132.030 202.980 -467.450 20.250 10641.000
132.030 202.980 -484.470 18.825 10660.000
132.030 202.980 -502.390 14.650 10706.000
257.310 211.660 -312.570 0.375 12972.000
257.310 211.660 -329.590 1.600 11690.000
257.310 211.660 -346.610 0.625 11565.000
257.310 211.660 -380.650 2.225 11396.000
257.310 211.660 -397.670 1.450 11643.000
257.310 211.660 -414.700 2.100 11313.000
257.310 211.660 -431.720 3.375 11215.000
257.310 211.660 -448.740 5.775 11209.000
257.310 211.660 -465.760 2.475 11353.000
257.310 211.660 -482.780 2.750 11289.000
257.310 211.660 -500.200 4.100 11247.000
382.350 238.900 -420.580 2.500 12888.000
382.350 238.900 -437.600 1.175 13028.000
-189.980 257.420 -417.770 0.625 10402.000
-189.980 257.420 -451.810 1.125 10704.000
-189.980 257.420 -468.830 1.850 10286.000
-189.980 257.420 -485.850 1.825 10233.000
-189.980 257.420 -502.870 2.725 11194.000
-66.700 276.920 -319.170 0.525 11092.000
-66.700 276.920 -336.190 0.775 12415.000
-66.700 276.920 -353.210 0.825 10592.000
-66.700 276.920 -370.230 3.600 10298.000
-66.700 276.920 -387.250 9.400 10160.000
-66.700 276.920 -404.280 21.750 10090.000
-66.700 276.920 -421.300 46.575 10004.000
-66.700 276.920 -438.320 73.025 9949.000
-66.700 276.920 -455.340 242.100 9884.000
-66.700 276.920 -472.360 84.325 9879.000
-66.700 276.920 -489.380 22.150 9938.000
-66.700 276.920 -506.400 4.975 9986.000
54.260 292.970 -309.460 1.225 11215.000
54.260 292.970 -326.480 0.875 11918.000
54.260 292.970 -360.520 1.100 11395.000
54.260 292.970 -377.540 3.525 10672.000
54.260 292.970 -394.570 3.975 10670.000
54.260 292.970 -411.590 6.525 10569.000
54.260 292.970 -428.610 7.225 10517.000
54.260 292.970 -445.630 8.825 10469.000
54.260 292.970 -462.650 6.700 10486.000
54.260 292.970 -480.070 7.350 10452.000
174.470 315.540 -287.230 0.375 11933.000
174.470 315.540 -338.290 1.225 13607.000
174.470 315.540 -406.380 2.350 11196.000
174.470 315.540 -423.400 3.000 11412.000
174.470 315.540 -440.420 2.300 11295.000
174.470 315.540 -457.440 1.700 11571.000
174.470 315.540 -474.460 1.450 11677.000
174.470 315.540 -491.480 5.100 11327.000
303.410 335.640 -457.230 0.275 12028.000
303.410 335.640 -474.250 0.475 11960.000
303.410 335.640 -491.270 0.225 14061.000
-145.450 374.240 -314.910 2.150 10771.000
-145.450 374.240 -331.930 0.975 12046.000
-145.450 374.240 -348.950 0.325 10743.000
-145.450 374.240 -365.970 1.200 11195.000
-145.450 374.240 -400.010 1.700 10387.000
-145.450 374.240 -417.030 0.725 11203.000
-145.450 374.240 -434.060 1.125 10361.000
-145.450 374.240 -451.080 1.750 10199.000
-145.450 374.240 -468.100 2.400 10522.000
-145.450 374.240 -485.120 4.175 10209.000
-145.450 374.240 -503.140 1.275 10862.000
-21.970 393.240 -266.120 0.975 13257.000
-21.970 393.240 -283.140 0.875 11610.000
-21.970 393.240 -419.310 4.675 10524.000
-21.970 393.240 -436.330 1.550 10710.000
-21.970 393.240 -453.350 3.900 10346.000
-21.970 393.240 -470.370 3.575 10595.000
-21.970 393.240 -487.390 0.975 10334.000
-21.970 393.240 -504.410 0.625 10440.000
101.040 412.790 -278.540 1.100 13599.000
101.040 412.790 -312.580 1.025 12671.000
101.040 412.790 -397.680 1.700 11800.000
101.040 412.790 -431.730 0.675 12102.000
101.040 412.790 -465.770 1.025 11385.000
101.040 412.790 -482.790 1.700 11568.000
-224.090 470.860 -416.700 0.325 11148.000
-101.060 490.220 -264.450 1.025 12452.000
-101.060 490.220 -383.590 0.525 13924.000
-101.060 490.220 -400.610 0.875 12189.000
-101.060 490.220 -503.240 0.875 10980.000
22.110 509.500 -465.520 1.075 11040.000
31.250 -72.930 -411.440 0.525 13399.000
31.250 -72.930 -439.470 0.325 12391.000
31.250 -72.930 -460.500 1.225 14360.000
31.250 -72.930 -488.530 1.025 11966.000
31.250 -72.930 -495.540 0.875 12160.000
31.250 -72.930 -503.420 1.425 14761.000
72.370 -66.600 -391.110 0.925 13051.000
72.370 -66.600 -461.200 0.850 12605.000
72.370 -66.600 -468.210 1.150 12560.000
41.600 35.490 -263.030 0.375 12993.000
41.600 35.490 -312.090 1.025 12520.000
41.600 35.490 -319.100 2.050 12019.000
41.600 35.490 -326.110 0.225 11801.000
41.600 35.490 -368.160 1.775 11965.000
41.600 35.490 -382.170 0.725 12575.000
41.600 35.490 -410.210 1.025 11664.000
41.600 35.490 -417.220 0.425 14404.000
41.600 35.490 -431.230 0.525 11414.000
41.600 35.490 -445.250 4.850 11327.000
41.600 35.490 -466.280 1.225 11407.000
41.600 35.490 -473.290 2.825 11292.000
41.600 35.490 -487.300 1.800 11445.000
41.600 35.490 -494.310 5.175 11189.000
41.600 35.490 -501.610 1.800 11814.000
106.940 27.090 -328.970 1.075 11890.000
106.940 27.090 -357.000 1.275 11864.000
106.940 27.090 -378.030 0.575 12019.000
106.940 27.090 -392.040 0.700 12422.000
106.940 27.090 -399.050 1.700 11791.000
106.940 27.090 -406.060 1.125 11707.000
106.940 27.090 -413.070 1.400 12035.000
106.940 27.090 -427.090 0.925 11794.000
106.940 27.090 -441.100 1.600 11526.000
106.940 27.090 -448.110 0.975 11413.000
106.940 27.090 -455.120 1.500 12144.000
106.940 27.090 -462.130 1.300 11466.000
106.940 27.090 -469.140 3.125 11425.000
106.940 27.090 -476.150 3.275 11579.000
106.940 27.090 -483.160 3.700 11473.000
106.940 27.090 -490.160 4.375 11505.000
106.940 27.090 -497.170 0.750 11988.000
106.940 27.090 -503.620 0.525 11941.000
113.190 -60.470 -427.420 0.975 12398.000
113.190 -60.470 -490.500 0.975 13198.000
57.200 -105.520 -434.740 0.725 12907.000
57.200 -105.520 -483.790 1.125 12458.000
-9.680 -79.500 -443.760 0.925 14054.000
-9.680 -79.500 -485.810 0.725 12321.000
-10.970 6.720 -374.270 1.475 14163.000
-10.970 6.720 -465.380 0.475 11406.000
-10.970 6.720 -486.400 0.375 12554.000
-10.970 6.720 -493.410 1.000 11977.000
-10.970 6.720 -500.730 0.825 12612.000
