330.030 127.200 -435.280 0.675 12101.000
-111.510 159.980 -435.610 0.425 13013.000
132.030 202.980 -433.410 0.925 12290.000
132.030 202.980 -502.390 0.325 11818.000
257.310 211.660 -363.630 0.875 12807.000
257.310 211.660 -414.700 1.275 11791.000
257.310 211.660 -500.200 0.775 12254.000
382.350 238.900 -505.680 1.025 11796.000
505.270 257.880 -446.930 1.425 10964.000
505.270 257.880 -463.950 1.025 9008.000
-437.040 217.800 -315.530 1.175 14467.000
-437.040 217.800 -366.590 0.825 13193.000
-437.040 217.800 -383.610 4.625 13501.000
-437.040 217.800 -451.700 0.825 14449.000
-313.600 237.440 -281.760 1.525 14016.000
-313.600 237.440 -417.930 0.625 13766.000
-313.600 237.440 -486.010 0.725 14102.000
-313.600 237.440 -503.030 0.375 13242.000
-189.980 257.420 -315.640 0.575 13773.000
-189.980 257.420 -400.750 1.125 12322.000
-189.980 257.420 -417.770 1.325 12938.000
-189.980 257.420 -434.790 1.475 12776.000
-189.980 257.420 -485.850 1.525 12980.000
-66.700 276.920 -387.250 0.925 12088.000
-66.700 276.920 -421.300 0.675 12889.000
-66.700 276.920 -438.320 1.475 12864.000
-66.700 276.920 -455.340 1.300 11573.000
-66.700 276.920 -472.360 1.600 11669.000
54.260 292.970 -360.520 1.025 12234.000
54.260 292.970 -394.570 0.225 12442.000
54.260 292.970 -445.630 3.050 11307.000
54.260 292.970 -462.650 0.875 11474.000
54.260 292.970 -480.070 1.300 11747.000
174.470 315.540 -372.330 0.825 11886.000
174.470 315.540 -423.400 2.400 11104.000
174.470 315.540 -457.440 1.950 10822.000
174.470 315.540 -491.480 1.850 11521.000
303.410 335.640 -423.190 1.050 10931.000
303.410 335.640 -457.230 2.500 11259.000
303.410 335.640 -474.250 1.425 11323.000
303.410 335.640 -491.270 3.275 10335.000
429.760 351.020 -412.980 0.625 11884.000
429.760 351.020 -430.000 2.725 10490.000
429.760 351.020 -447.020 3.325 10198.000
429.760 351.020 -464.040 2.300 10789.000
429.760 351.020 -481.060 3.250 9944.000
429.760 351.020 -498.080 4.325 9870.000
-392.380 334.240 -212.080 0.775 13289.000
-392.380 334.240 -263.140 1.125 13077.000
-392.380 334.240 -280.160 1.500 13101.000
-392.380 334.240 -314.200 3.100 12754.000
-392.380 334.240 -331.220 2.600 12669.000
-392.380 334.240 -348.240 3.600 12621.000
-392.380 334.240 -365.260 17.825 12538.000
-392.380 334.240 -382.280 8.725 12458.000
-392.380 334.240 -399.310 12.675 12446.000
-392.380 334.240 -416.330 21.825 12375.000
-392.380 334.240 -433.350 22.050 12424.000
-392.380 334.240 -450.370 3.400 12656.000
-392.380 334.240 -467.390 9.200 12511.000
-392.380 334.240 -484.410 2.400 12613.000
-392.380 334.240 -501.430 2.875 12720.000
-268.900 354.240 -332.480 2.550 12767.000
-268.900 354.240 -349.500 1.750 12499.000
-268.900 354.240 -400.570 2.550 12141.000
-268.900 354.240 -417.590 3.825 11913.000
-268.900 354.240 -434.610 4.875 11931.000
-268.900 354.240 -451.630 1.300 12429.000
-268.900 354.240 -468.650 3.850 11936.000
-268.900 354.240 -485.670 1.025 12265.000
-268.900 354.240 -502.890 2.050 11943.000
-145.450 374.240 -331.930 0.575 13613.000
-145.450 374.240 -348.950 1.125 12938.000
-145.450 374.240 -365.970 1.825 12597.000
-145.450 374.240 -400.010 0.850 11814.000
-145.450 374.240 -417.030 6.950 11535.000
-145.450 374.240 -434.060 12.000 11468.000
-145.450 374.240 -451.080 14.100 11424.000
-145.450 374.240 -468.100 8.500 11411.000
-145.450 374.240 -485.120 7.975 11416.000
-145.450 374.240 -503.140 8.225 11450.000
-21.970 393.240 -317.180 1.125 11963.000
-21.970 393.240 -385.260 2.475 11473.000
-21.970 393.240 -402.290 5.200 11274.000
-21.970 393.240 -419.310 9.725 11157.000
-21.970 393.240 -436.330 31.000 11086.000
-21.970 393.240 -453.350 30.300 11025.000
-21.970 393.240 -470.370 28.100 10979.000
-21.970 393.240 -487.390 41.575 10948.000
-21.970 393.240 -504.410 28.350 10959.000
101.040 412.790 -159.390 2.225 12993.000
101.040 412.790 -278.540 0.825 12033.000
101.040 412.790 -329.600 0.675 11362.000
101.040 412.790 -397.680 4.250 11325.000
101.040 412.790 -414.710 1.150 10891.000
101.040 412.790 -431.730 7.225 10779.000
101.040 412.790 -448.750 12.725 10701.000
101.040 412.790 -465.770 10.825 10637.000
101.040 412.790 -482.790 19.950 10563.000
101.040 412.790 -500.510 73.475 10512.000
224.580 432.350 -336.950 1.225 12570.000
224.580 432.350 -370.990 0.875 14107.000
224.580 432.350 -422.060 0.675 10788.000
224.580 432.350 -439.080 0.625 10822.000
224.580 432.350 -456.100 6.850 10438.000
224.580 432.350 -473.120 4.800 10288.000
224.580 432.350 -490.140 5.850 10190.000
224.580 432.350 -507.160 18.025 10127.000
338.440 463.720 -345.310 0.725 11069.000
338.440 463.720 -413.400 0.375 10629.000
338.440 463.720 -430.420 3.175 10537.000
338.440 463.720 -447.440 1.700 10185.000
338.440 463.720 -464.460 10.750 10037.000
338.440 463.720 -481.480 4.350 10040.000
338.440 463.720 -498.500 10.175 9872.000
-347.880 451.520 -280.950 2.300 13624.000
-347.880 451.520 -297.970 1.675 12930.000
-347.880 451.520 -314.990 1.325 12739.000
-347.880 451.520 -332.010 1.700 12632.000
-347.880 451.520 -349.030 2.600 12769.000
-347.880 451.520 -366.050 6.725 12378.000
-347.880 451.520 -383.070 1.575 13100.000
-347.880 451.520 -400.090 8.575 12464.000
-347.880 451.520 -417.120 5.750 12253.000
-347.880 451.520 -434.140 4.275 12412.000
-347.880 451.520 -451.160 4.450 12485.000
-347.880 451.520 -468.180 5.800 12688.000
-347.880 451.520 -485.200 2.300 12235.000
-347.880 451.520 -502.620 5.575 12426.000
-224.090 470.860 -246.490 0.675 14486.000
-224.090 470.860 -348.610 0.875 13501.000
-224.090 470.860 -365.630 0.825 12245.000
-224.090 470.860 -416.700 1.100 11971.000
-224.090 470.860 -433.720 3.650 11830.000
-224.090 470.860 -467.760 5.300 11827.000
-224.090 470.860 -501.800 2.475 11870.000
-101.060 490.220 -264.450 0.975 12742.000
-101.060 490.220 -315.510 0.275 12771.000
-101.060 490.220 -349.550 1.125 12192.000
-101.060 490.220 -383.590 1.100 11758.000
-101.060 490.220 -400.610 2.675 11688.000
-101.060 490.220 -417.640 3.325 11517.000
-101.060 490.220 -434.660 5.100 11581.000
-101.060 490.220 -451.680 9.600 11421.000
-101.060 490.220 -468.700 11.600 11499.000
-101.060 490.220 -485.720 3.550 11541.000
-101.060 490.220 -503.240 0.500 11446.000
22.110 509.500 -278.290 0.975 12486.000
22.110 509.500 -346.370 1.125 11806.000
22.110 509.500 -363.390 0.975 12004.000
22.110 509.500 -397.440 0.975 11484.000
22.110 509.500 -414.460 1.825 11613.000
22.110 509.500 -431.480 1.825 11407.000
22.110 509.500 -448.500 6.475 11136.000
22.110 509.500 -465.520 7.600 11126.000
22.110 509.500 -482.540 2.750 11247.000
22.110 509.500 -499.560 3.400 11098.000
